L,Butterfly Curve,1,3
0.0 , 14.3656365692
0.0501578836597 , 14.3691168536
0.100389874745 , 14.3795567033
0.150770051688 , 14.3969531072
0.201372434938 , 14.4213010482
0.252270957998 , 14.4525935042
0.303539438482 , 14.4908214503
0.355251549222 , 14.5359738614
0.407480789406 , 14.5880377154
0.460300455785 , 14.6469979968
0.513783613946 , 14.7128377016
0.568003069648 , 14.7855378413
0.623031340261 , 14.8650774492
0.678940626282 , 14.9514335863
0.735802782967 , 15.0445813476
0.793689292069 , 15.1444938696
0.852671233698 , 15.251142338
0.912819258316 , 15.364495996
0.97420355887 , 15.4845221535
1.03689384307 , 15.611186196
1.10095930584 , 15.744451595
1.16646860191 , 15.8842799186
1.23348981861 , 16.0306308424
1.30209044885 , 16.1834621613
1.37233736427 , 16.3427298017
1.44429678859 , 16.5083878343
1.51803427124 , 16.6803884872
1.59361466111 , 16.8586821598
1.67110208059 , 17.0432174375
1.75055989986 , 17.2339411058
1.83205071135 , 17.4307981664
1.91563630457 , 17.6337318529
2.00137764108 , 17.842683647
2.08933482982 , 18.0575932956
2.17956710267 , 18.2783988283
2.27213279034 , 18.5050365749
2.36708929851 , 18.7374411845
2.46449308428 , 18.9755456437
2.56439963295 , 19.2192812964
2.66686343514 , 19.4685778633
2.77193796417 , 19.7233634626
2.87967565382 , 19.9835646304
2.9901278764 , 20.2491063421
3.10334492123 , 20.5199120341
3.2193759734 , 20.7959036257
3.33826909293 , 21.0770015419
3.46007119429 , 21.3631247361
3.58482802632 , 21.6541907139
3.71258415245 , 21.9501155564
3.84338293146 , 22.2508139446
3.97726649846 , 22.5561991845
4.1142757464 , 22.8661832311
4.25445030795 , 23.1806767148
4.39782853775 , 23.4995889666
4.54444749517 , 23.8228280444
4.69434292737 , 24.1503007594
4.84754925295 , 24.481912703
5.0040995459 , 24.8175682743
5.16402552003 , 25.1571707072
5.32735751391 , 25.5006220984
5.49412447618 , 25.8478234359
5.66435395136 , 26.1986746268
5.8380720661 , 26.5530745272
6.01530351596 , 26.91092097
6.19607155254 , 27.2721107956
6.38039797121 , 27.6365398806
6.56830309927 , 28.0041031682
6.75980578456 , 28.3746946982
6.95492338462 , 28.7482076378
7.1536717563 , 29.1245343118
7.3560652459 , 29.5035662341
7.56211667978 , 29.8851941384
7.77183735545 , 30.2693080098
7.98523703325 , 30.6557971163
8.20232392847 , 31.0445500408
8.42310470397 , 31.4354547127
8.6475844634 , 31.8283984403
8.87576674483 , 32.2232679432
9.10765351496 , 32.6199493846
9.34324516386 , 33.0183284037
9.58254050021 , 33.4182901491
9.82553674706 , 33.8197193113
10.0722295381 , 34.2225001555
10.3226129146 , 34.6265165551
10.5766793227 , 35.0316520251
10.8344196111 , 35.4377897546
11.0958230298 , 35.8448126412
11.360877229 , 36.2526033236
11.6295682584 , 36.661044216
11.9018805674 , 37.0700175408
12.1777970055 , 37.4794053627
12.4572988235 , 37.8890896226
12.7403656752 , 38.2989521707
13.0269756194 , 38.7088748004
13.3171051228 , 39.1187392824
13.6107290629 , 39.5284273976
13.9078207322 , 39.9378209716
14.2083518421 , 40.3468019076
14.5122925279 , 40.7552522206
14.8196113545 , 41.1630540705
15.1302753215 , 41.5700897959
15.4442498704 , 41.9762419472
15.7614988911 , 42.3813933204
16.0819847296 , 42.7854269898
16.4056681959 , 43.1882263417
16.7325085725 , 43.589675107
17.0624636233 , 43.9896573945
17.3954896035 , 44.3880577234
17.7315412695 , 44.7847610562
18.0705718892 , 45.1796528311
18.4125332537 , 45.5726189943
18.7573756882 , 45.9635460326
19.1050480645 , 46.3523210047
19.4554978135 , 46.7388315738
19.8086709383 , 47.1229660389
20.1645120276 , 47.504613366
20.5229642703 , 47.88366322
20.8839694691 , 48.2600059949
21.2474680564 , 48.6335328453
21.6133991094 , 49.0041357166
21.9817003661 , 49.3717073752
22.3523082417 , 49.7361414387
22.7251578456 , 50.0973324058
23.1001829987 , 50.4551756855
23.4773162511 , 50.8095676265
23.8564889004 , 51.160405546
24.2376310105 , 51.5075877584
24.6206714305 , 51.8510136037
25.0055378145 , 52.1905834753
25.3921566412 , 52.5261988479
25.7804532346 , 52.8577623045
26.1703517846 , 53.1851775636
26.5617753686 , 53.508349506
26.9546459723 , 53.8271842008
27.3488845126 , 54.1415889314
27.7444108591 , 54.4514722212
28.1411438578 , 54.7567438586
28.5390013532 , 55.0573149218
28.9379002126 , 55.3530978032
29.3377563496 , 55.6440062336
29.7384847483 , 55.9299553053
30.1399994878 , 56.2108614959
30.5422137673 , 56.4866426902
30.945039931 , 56.7572182035
31.348389494 , 57.0225088027
31.7521731677 , 57.2824367282
32.1563008862 , 57.5369257144
32.5606818328 , 57.7859010108
32.9652244666 , 58.0292894018
33.3698365494 , 58.2670192262
33.7744251733 , 58.4990203966
34.1788967881 , 58.7252244178
34.5831572288 , 58.9455644052
34.9871117444 , 59.1599751024
35.3906650253 , 59.3683928984
35.7937212325 , 59.5707558443
36.1961840261 , 59.7670036695
36.5979565941 , 59.9570777975
36.9989416819 , 60.140921361
37.3990416214 , 60.3184792166
37.7981583607 , 60.4896979588
38.1961934938 , 60.6545259339
38.5930482903 , 60.8129132531
38.9886237258 , 60.9648118048
39.3828205119 , 61.1101752667
39.7755391265 , 61.2489591177
40.1666798443 , 61.3811206485
40.5561427676 , 61.5066189718
40.9438278567 , 61.625415033
41.3296349611 , 61.7374716185
41.7134638498 , 61.8427533652
42.0952142432 , 61.9412267687
42.4747858432 , 62.0328601905
42.852078365 , 62.1176238654
43.2269915681 , 62.1954899081
43.5994252874 , 62.2664323193
43.9692794647 , 62.3304269907
44.33645418 , 62.3874517102
44.7008496824 , 62.4374861661
45.0623664219 , 62.480511951
45.4209050808 , 62.5165125646
45.7763666044 , 62.5454734168
46.128652233 , 62.567381829
46.4776635325 , 62.5822270365
46.8233024262 , 62.5900001886
47.1654712257 , 62.5906943494
47.504072662 , 62.5843044972
47.8390099166 , 62.5708275241
48.1701866522 , 62.5502622343
48.4975070441 , 62.5226093422
48.8208758106 , 62.4878714701
49.1401982435 , 62.4460531448
49.4553802393 , 62.3971607944
49.7663283288 , 62.3412027437
50.072949708 , 62.2781892095
50.3751522679 , 62.2081322957
50.6728446246 , 62.1310459867
50.9659361492 , 62.0469461418
51.2543369972 , 61.9558504876
51.5379581382 , 61.8577786106
51.816711385 , 61.7527519495
52.0905094226 , 61.6407937859
52.3592658374 , 61.521929236
52.6228951454 , 61.3961852402
52.8813128208 , 61.263590553
53.1344353242 , 61.1241757325
53.3821801305 , 60.9779731291
53.6244657563 , 60.8250168733
53.8612117877 , 60.6653428637
54.0923389071 , 60.4989887542
54.3177689201 , 60.3259939403
54.5374247823 , 60.1463995455
54.7512306251 , 59.960248407
54.959111782 , 59.7675850605
55.160994814 , 59.5684557251
55.3568075351 , 59.3629082874
55.546479037 , 59.1509922852
55.729939714 , 58.9327588905
55.9071212871 , 58.7082608923
56.077956828 , 58.477552679
56.2423807826 , 58.2406902201
56.4003289942 , 57.9977310473
56.5517387265 , 57.7487342357
56.6965486856 , 57.4937603842
56.8346990424 , 57.2328715951
56.9661314543 , 56.9661314543
57.0907890858 , 56.6936050098
57.2086166303 , 56.4153587509
57.3195603295 , 56.1314605864
57.4235679939 , 55.8419798222
57.5205890225 , 55.5469871393
57.6105744213 , 55.2465545705
57.6934768225 , 54.9407554774
57.7692505022 , 54.6296645265
57.8378513986 , 54.3133576655
57.8992371291 , 53.9919120987
57.9533670069 , 53.6654062625
58.0002020575 , 53.3339198
58.0397050345 , 52.9975335357
58.0718404352 , 52.6563294501
58.096574515 , 52.3103906532
58.1138753021 , 51.9598013583
58.1237126112 , 51.6046468553
58.1260580571 , 51.2450134839
58.1208850671 , 50.880988606
58.108168894 , 50.5126605783
58.0878866272 , 50.1401187248
58.0600172045 , 49.7634533081
58.0245414227 , 49.3827555015
57.9814419477 , 48.9981173604
57.9307033245 , 48.6096317934
57.872311986 , 48.2173925332
57.8062562621 , 47.8214941073
57.7325263871 , 47.4220318089
57.651114508 , 47.0191016666
57.5620146909 , 46.6128004152
57.4652229276 , 46.2032254652
57.3607371416 , 45.7904748728
57.2485571932 , 45.3746473092
57.1286848844 , 44.9558420306
57.0011239631 , 44.5341588471
56.8658801266 , 44.109698092
56.7229610249 , 43.682560591
56.5723762629 , 43.2528476309
56.4141374023 , 42.8206609285
56.2482579635 , 42.3861025996
56.0747534258 , 41.9492751273
55.8936412277 , 41.5102813307
55.704940767 , 41.0692243335
55.5086733993 , 40.6262075325
55.3048624368 , 40.1813345658
55.0935331462 , 39.7347092812
54.8747127461 , 39.2864357046
54.6484304035 , 38.8366180085
54.4147172306 , 38.3853604799
54.1736062796 , 37.932767489
53.9251325388 , 37.4789434572
53.669332926 , 37.0239928257
53.4062462835 , 36.5680200238
53.1359133704 , 36.111129437
52.8583768564 , 35.6534253761
52.5736813134 , 35.1950120451
52.2818732075 , 34.73599351
51.9830008896 , 34.2764736676
51.6771145869 , 33.8165562141
51.3642663919 , 33.3563446139
51.0445102524 , 32.8959420688
50.7179019604 , 32.4354514868
50.3844991402 , 31.9749754514
50.0443612363 , 31.514616191
49.6975495009 , 31.0544755481
49.3441269802 , 30.5946549494
48.984158501 , 30.1352553752
48.6177106559 , 29.6763773294
48.2448517891 , 29.21812081
47.8656519802 , 28.760585279
47.4801830289 , 28.303869633
47.0885184384 , 27.8480721743
46.6907333982 , 27.3932905814
46.2869047671 , 26.9396218807
45.8771110549 , 26.4871624172
45.4614324042 , 26.036007827
45.0399505711 , 25.5862530085
44.6127489064 , 25.1379920953
44.1799123349 , 24.6913184277
43.7415273357 , 24.2463245266
43.2976819211 , 23.8031020653
42.848465615 , 23.3617418437
42.3939694317 , 22.9223337617
41.9342858532 , 22.4849667929
41.4695088067 , 22.0497289589
40.9997336416 , 21.616707304
40.5250571057 , 21.1859878702
40.0455773215 , 20.7576556719
39.5613937614 , 20.3317946722
39.0726072235 , 19.9084877585
38.5793198058 , 19.4878167185
38.081634881 , 19.0698622175
37.5796570702 , 18.6547037751
37.0734922167 , 18.2424197425
36.5632473592 , 17.8330872809
36.0490307046 , 17.4267823389
35.5309516005 , 17.023579632
35.0091205075 , 16.6235526209
34.4836489707 , 16.2267734915
33.9546495916 , 15.8333131345
33.4222359987 , 15.4432411259
32.8865228187 , 15.0566257075
32.347625647 , 14.6735337683
31.8056610176 , 14.2940308261
31.2607463733 , 13.9181810095
30.713000035 , 13.5460470406
30.1625411713 , 13.1776902179
29.6094897675 , 12.8131703996
29.0539665943 , 12.4525459881
28.4960931763 , 12.0958739137
27.9359917606 , 11.7432096202
27.3737852843 , 11.3946070497
26.809597343 , 11.0501186289
26.2435521579 , 10.7097952553
25.6757745435 , 10.3736862842
25.1063898748 , 10.0418395158
24.535524054 , 9.71430118349
23.9633034778 , 9.39111594183
23.3898550038 , 9.07232685578
22.8153059173 , 8.75797538997
22.239783897 , 8.44810139869
21.6634169822 , 8.14274311632
21.0863335381 , 7.84193714836
20.5086622221 , 7.54571846293
19.9305319497 , 7.25412038279
19.3520718602 , 6.96717457797
18.7734112823 , 6.68491105886
18.1946796999 , 6.40735816983
17.6160067173 , 6.13454258347
17.0375220251 , 5.86648929526
16.4593553651 , 5.60322161889
15.8816364962 , 5.34476118201
15.3044951593 , 5.09112792263
14.7280610428 , 4.84234008598
14.152463748 , 4.59841422196
13.5778327543 , 4.35936518313
13.0042973843 , 4.12520612322
12.4319867696 , 3.89594849621
11.8610298159 , 3.67160205596
11.2915551683 , 3.45217485633
10.7236911769 , 3.23767325197
10.1575658624 , 3.02810189948
9.59330688153 , 2.82346375927
9.03104149263 , 2.62376009787
8.47089652167 , 2.42899049083
7.91299832791 , 2.23915282612
7.35747276991 , 2.05424330811
6.80444517164 , 1.87425646206
6.25404028861 , 1.69918513917
5.70638227434 , 1.52902052211
5.16159464673 , 1.36375213119
4.61980025483 , 1.20336783092
4.08112124559 , 1.04785383724
3.54567903092 , 0.897194725143
3.01359425483 , 0.751373436937
2.48498676088 , 0.610371290944
1.95997555971 , 0.474167990759
1.43867879694 , 0.342741635007
0.921213721131 , 0.216068727617
0.407696652103 , 0.094124188599
-0.101757050549 , -0.0231186346704
-0.607033018683 , -0.135687955669
-1.10801790657 , -0.243613536447
-1.6045994216 , -0.346926674862
-2.09666635465 , -0.445660191314
-2.58410861026 , -0.53984841501
-3.06681723639 , -0.629527169741
-3.544684454 , -0.714733759188
-4.01760368619 , -0.795506951761
-4.48546958709 , -0.871886964967
-4.94817807042 , -0.943915449327
-5.40562633766 , -1.01163547184
-5.85771290591 , -1.07509149897
-6.30433763536 , -1.13432937925
-6.74540175646 , -1.18939632538
-7.18080789661 , -1.24034089596
-7.61046010657 , -1.28721297671
-8.03426388644 , -1.3300637614
-8.4521262112 , -1.3689457322
-8.86395555592 , -1.40391263979
-9.26966192053 , -1.43501948295
-9.66915685413 , -1.46232248783
-10.062353479 , -1.48587908677
-10.4491665138 , -1.50574789679
-10.8295122972 , -1.52198869767
-11.2033088098 , -1.53466240972
-11.5704756967 , -1.5438310711
-11.930934289 , -1.5495578149
-12.2846076252 , -1.55190684574
-12.6314204717 , -1.5509434162
-12.9712993434 , -1.54673380274
-13.3041725229 , -1.53934528146
-13.6299700807 , -1.5288461034
-13.9486238929 , -1.5153054697
-14.2600676605 , -1.49879350629
-14.5642369264 , -1.47938123839
-14.8610690932 , -1.45714056472
-15.1505034399 , -1.43214423144
-15.4324811375 , -1.40446580576
-15.7069452658 , -1.37417964938
-15.9738408277 , -1.34136089164
-16.2331147639 , -1.3060854024
-16.4847159676 , -1.26842976478
-16.7285952974 , -1.22847124758
-16.9647055908 , -1.18628777752
-17.1930016761 , -1.14195791134
-17.4134403849 , -1.09556080756
-17.625980563 , -1.04717619822
-17.8305830815 , -0.996884360313
-18.0272108465 , -0.94476608713
-18.2158288093 , -0.890902659389
-18.3964039753 , -0.835375816255
-18.5689054123 , -0.778267726201
-18.7333042585 , -0.719660957737
-18.88957373 , -0.659638450024
-19.0376891274 , -0.598283483368
-19.1776278419 , -0.535679649614
-19.309369361 , -0.471910822446
-19.4328952736 , -0.407061127602
-19.5481892743 , -0.341214913012
-19.655237167 , -0.274456718875
-19.7540268686 , -0.206871247676
-19.8445484112 , -0.138543334158
-19.9267939444 , -0.0695579152536
-20.0007577367 , -1.22465275028e-15
-20.0664361763 , 0.0700453605776
-20.1238277714 , 0.140493103581
-20.1729331499 , 0.211258184357
-20.2137550584 , 0.282255606601
-20.2462983608 , 0.353400452443
-20.2705700361 , 0.424607912503
-20.2865791758 , 0.495793315903
-20.2943369805 , 0.566872160234
-20.2938567561 , 0.637760141461
-20.285153909 , 0.708373183762
-20.2682459418 , 0.778627469283
-20.2431524469 , 0.848439467818
-20.2098951006 , 0.917725966374
-20.1684976562 , 0.986404098647
-20.1189859367 , 1.05439137437
-20.0613878269 , 1.12160570855
-19.9957332646 , 1.18796545053
-19.9220542315 , 1.25338941298
-19.8403847438 , 1.31779690068
-19.7507608418 , 1.38110773912
-19.6532205787 , 1.44324230301
-19.54780401 , 1.50412154453
-19.4345531807 , 1.56366702144
-19.3135121134 , 1.62180092494
-19.1847267951 , 1.67844610741
-19.0482451632 , 1.73352610984
-18.9041170922 , 1.78696518909
-18.7523943781 , 1.83868834487
-18.5931307238 , 1.88862134657
-18.4263817232 , 1.93669075973
-18.2522048446 , 1.98282397228
-18.0706594145 , 2.0269492206
-17.8818065998 , 2.06899561516
-17.6857093903 , 2.108893166
-17.48243258 , 2.14657280785
-17.2720427487 , 2.18196642494
-17.0546082425 , 2.21500687558
-16.8301991539 , 2.24562801632
-16.5988873014 , 2.27376472586
-16.3607462093 , 2.29935292861
-16.1158510857 , 2.32232961788
-15.8642788015 , 2.3426328788
-15.6061078677 , 2.36020191075
-15.341418413 , 2.37497704959
-15.0702921607 , 2.3868997894
-14.7928124055 , 2.39591280391
-14.5090639889 , 2.40195996749
-14.2191332757 , 2.40498637583
-13.9231081284 , 2.40493836615
-13.6210778826 , 2.40176353703
-13.3131333212 , 2.39541076787
-12.9993666484 , 2.38583023787
-12.6798714635 , 2.37297344462
-12.354742734 , 2.3567932223
-12.0240767685 , 2.33724375936
-11.6879711892 , 2.31428061582
-11.3465249043 , 2.28786074016
-10.9998380795 , 2.25794248565
-10.6480121096 , 2.22448562633
-10.2911495899 , 2.18745137246
-9.92935428658 , 2.14680238557
-9.56273110758 , 2.10250279295
-9.19138607264 , 2.05451820177
-8.81542628327 , 2.0028157126
-8.43495989235 , 1.94736393256
-8.05009607354 , 1.88813298793
-7.66094499031 , 1.82509453622
-7.26761776476 , 1.75822177784
-6.87022644623 , 1.68748946718
-6.46888397962 , 1.61287392326
-6.06370417348 , 1.53435303981
-5.65480166787 , 1.45190629484
-5.24229190206 , 1.36551475979
-4.82629108197 , 1.275161108
-4.40691614742 , 1.18082962281
-3.98428473926 , 1.08250620507
-3.55851516621 , 0.980178380071
-3.12972637164 , 0.87383530408
-2.69803790015 , 0.763467770213
-2.26356986402 , 0.649068213851
-1.82644290948 , 0.530630717492
-1.38677818291 , 0.408151015072
-0.944697296909 , 0.281626495751
-0.500322296223 , 0.151056207151
-0.0537756236341 , 0.0164408580595
0.394819914285 , -0.122217179412
0.845341181469 , -0.264913868214
1.29766474673 , -0.411643505288
1.75166691817 , -0.56239872104
2.20722377768 , -0.717170479361
2.66421121541 , -0.875948078188
3.12250496435 , -1.03871915062
3.5819806348 , -1.20546966657
4.04251374902 , -1.37618393495
4.5039797757 , -1.55084460647
4.96625416452 , -1.72943267685
5.42921238068 , -1.91192749073
5.89272993935 , -2.09830674596
6.35668244009 , -2.28854649863
6.82094560124 , -2.4826211684
7.28539529425 , -2.68050354461
7.74990757787 , -2.88216479273
8.21435873231 , -3.08757446147
8.67862529333 , -3.29670049038
9.14258408614 , -3.50950921795
9.60611225925 , -3.72596539033
10.0690873182 , -3.94603217046
10.5313871591 , -4.1696711478
10.9928901022 , -4.39684234858
11.4534749248 , -4.62750424655
11.9130208947 , -4.86161377422
12.3714078033 , -5.09912633465
12.8285159978 , -5.33999581377
13.2842264141 , -5.5841745931
13.7384206093 , -5.83161356313
14.1909807935 , -6.08226213702
14.641789862 , -6.33606826497
15.0907314271 , -6.59297844893
15.5376898489 , -6.85293775786
15.9825502676 , -7.11588984351
16.4251986333 , -7.38177695659
16.8655217375 , -7.65053996348
17.3034072434 , -7.92211836334
17.7387437156 , -8.19645030578
18.1714206505 , -8.47347260887
18.6013285053 , -8.75312077767
19.0283587276 , -9.0353290232
19.4524037845 , -9.32003028182
19.8733571905 , -9.60715623508
20.2911135364 , -9.89663732998
20.7055685168 , -10.1884027996
21.1166189581 , -10.4823806843
21.5241628451 , -10.778497853
21.9280993483 , -11.0766800254
22.3283288505 , -11.376851794
22.7247529721 , -11.678936647
23.1172745977 , -11.9828569912
23.5057979008 , -12.2885341755
23.8902283691 , -12.5958885147
24.2704728284 , -12.9048393138
24.6464394675 , -13.2153048923
25.0180378609 , -13.5272026092
25.385178993 , -13.8404488884
25.74777528 , -14.1549592438
26.1057405926 , -14.4706483054
26.4589902781 , -14.7874298455
26.8074411815 , -15.1052168054
27.1510116664 , -15.4239213215
27.4896216359 , -15.7434547532
27.8231925523 , -16.0637277098
28.1516474565 , -16.3846500779
28.4749109876 , -16.7061310499
28.792909401 , -17.0280791517
29.1055705865 , -17.3504022715
29.4128240861 , -17.6730076877
29.7146011109 , -17.9958020988
30.0108345577 , -18.3186916515
30.3014590251 , -18.6415819707
30.5864108289 , -18.9643781888
30.8656280171 , -19.2869849753
31.1390503845 , -19.6093065668
31.4066194867 , -19.9312467969
31.6682786532 , -20.2527091268
31.9239730005 , -20.5735966755
32.1736494444 , -20.8938122501
32.4172567118 , -21.2132583768
32.6547453519 , -21.5318373318
32.8860677469 , -21.8494511719
33.111178122 , -22.1660017658
33.3300325552 , -22.4813908251
33.5425889863 , -22.7955199357
33.748807225 , -23.108290589
33.9486489595 , -23.4196042133
34.1420777629 , -23.7293622054
34.3290591008 , -24.037465962
34.509560337 , -24.3438169113
34.6835507394 , -24.6483165445
34.8510014848 , -24.9508664475
35.0118856635 , -25.2513683327
35.1661782835 , -25.5497240704
35.3138562732 , -25.8458357203
35.4548984848 , -26.1396055636
35.5892856961 , -26.4309361343
35.7170006122 , -26.7197302506
35.8380278668 , -27.0058910467
35.9523540221 , -27.2893220043
36.0599675694 , -27.5699269836
36.1608589279 , -27.8476102552
36.2550204435 , -28.1222765307
36.3424463873 , -28.3938309945
36.4231329529 , -28.6621793343
36.4970782535 , -28.9272277724
36.5642823185 , -29.1888830963
36.6247470891 , -29.4470526896
36.6784764142 , -29.7016445622
36.7254760445 , -29.952567381
36.7657536272 , -30.1997305002
36.7993186994 , -30.4430439909
36.8261826813 , -30.6824186715
36.8463588688 , -30.9177661371
36.8598624255 , -31.148998789
36.8667103737 , -31.3760298641
36.8669215862 , -31.5987734641
36.8605167758 , -31.817144584
36.8475184856 , -32.0310591409
36.827951078 , -32.2404340026
36.8018407237 , -32.4451870152
36.76921539 , -32.6452370316
36.7301048281 , -32.8405039384
36.6845405606 , -33.0309086839
36.632555868 , -33.2163733047
36.5741857753 , -33.3968209524
36.5094670369 , -33.5721759203
36.4384381224 , -33.7423636693
36.3611392009 , -33.907310854
36.2776121255 , -34.0669453477
36.1879004167 , -34.2211962678
36.0920492454 , -34.3699940008
35.9901054164 , -34.5132702262
35.8821173498 , -34.650957941
35.7681350634 , -34.7829914835
35.6482101535 , -34.9093065562
35.5223957764 , -35.0298402489
35.3907466284 , -35.1445310615
35.2533189259 , -35.2533189259
35.1101703851 , -35.356145228
34.9613602011 , -35.4529528288
34.8069490262 , -35.5436860853
34.6469989492 , -35.6282908714
34.4815734721 , -35.7067145976
34.3107374887 , -35.7789062306
34.1345572609 , -35.8448163129
33.9531003959 , -35.904396981
33.7664358225 , -35.9576019842
33.5746337668 , -36.0043867021
33.3777657284 , -36.044708162
33.175904455 , -36.0785250558
32.9691239177 , -36.1057977565
32.7574992859 , -36.126488334
32.5411069008 , -36.1405605705
32.3200242501 , -36.1479799755
32.094329941 , -36.1487138004
31.8641036742 , -36.1427310519
31.6294262162 , -36.1300025062
31.3903793726 , -36.1105007209
31.1470459605 , -36.0842000485
30.8995097802 , -36.0510766474
30.6478555879 , -36.0111084936
30.3921690668 , -35.9642753914
30.1325367986 , -35.9105589837
29.8690462351 , -35.849942762
29.6017856688 , -35.7824120749
29.3308442036 , -35.7079541375
29.0563117256 , -35.6265580392
28.7782788736 , -35.538214751
28.4968370087 , -35.4429171329
28.2120781848 , -35.3406599402
27.9240951182 , -35.2314398291
27.6329811573 , -35.1152553627
27.3388302519 , -34.9921070149
27.0417369232 , -34.8619971753
26.741796232 , -34.7249301525
26.439103749 , -34.5809121772
26.1337555226 , -34.4299514047
25.8258480487 , -34.272057917
25.5154782392 , -34.1072437238
25.2027433905 , -33.9355227636
24.8877411523 , -33.7569109037
24.5705694964 , -33.5714259402
24.2513266848 , -33.3790875964
23.9301112384 , -33.1799175219
23.6070219056 , -32.9739392904
23.2821576302 , -32.7611783966
22.9556175204 , -32.5416622538
22.6275008169 , -32.3154201892
22.297906861 , -32.08248344
21.9669350636 , -31.8428851486
21.6346848733 , -31.5966603567
21.3012557449 , -31.3438459995
20.9667471078 , -31.0844808987
20.6312583348 , -30.8186057558
20.2948887105 , -30.5462631439
19.9577374001 , -30.2674974995
19.6199034183 , -29.9823551137
19.2814855979 , -29.6908841225
18.9425825588 , -29.3931344969
18.6032926774 , -29.0891580324
18.2637140555 , -28.779008338
17.9239444895 , -28.462740824
17.5840814403 , -28.1404126904
17.2442220026 , -27.8120829137
16.9044628747 , -27.4778122341
16.5649003285 , -27.1376631411
16.2256301797 , -26.7916998596
15.8867477578 , -26.4399883346
15.548347877 , -26.0825962163
15.2105248065 , -25.7195928439
14.8733722418 , -25.3510492289
14.5369832753 , -24.9770380388
14.2014503683 , -24.5976335791
13.8668653222 , -24.2129117756
13.5333192503 , -23.8229501559
13.2009025502 , -23.4278278304
12.8697048758 , -23.0276254729
12.5398151102 , -22.6224253011
12.2113213387 , -22.2123110554
11.8843108216 , -21.797367979
11.5588699682 , -21.3776827957
11.2350843102 , -20.953343689
10.9130384761 , -20.5244402794
10.5928161655 , -20.0910636015
10.274500124 , -19.6533060818
9.95817211811 , -19.2112615143
9.64391291093 , -18.7650250369
9.33180223783 , -18.3146931073
9.02191878266 , -17.8603634777
8.71434015427 , -17.4021351701
8.40914286343 , -16.9401084505
8.10640230009 , -16.4743848031
7.80619271111 , -16.0050669037
7.50858717826 , -15.5322585933
7.21365759674 , -15.0560648508
6.92147465404 , -14.5765917659
6.63210780923 , -14.0939465107
6.34562527267 , -13.6082373122
6.06209398613 , -13.1195734237
5.7815796034 , -12.6280650957
5.50414647122 , -12.1338235471
5.2298576108 , -11.6369609359
4.95877469968 , -11.137590329
4.69095805408 , -10.6358256727
4.42646661169 , -10.1317817623
4.165357915 , -9.62557421119
3.90768809498 , -9.11731942054
3.6535118553 , -8.60713454788
3.40288245709 , -8.09513747588
3.15585170402 , -7.58144678076
2.91246992803 , -7.06618170053
2.67278597549 , -6.5494621029
2.43684719379 , -6.03140845313
2.20469941855 , -5.51214178155
1.97638696126 , -4.99178365093
1.75195259742 , -4.47045612372
1.53143755524 , -3.94828172904
1.3148815048 , -3.42538342951
1.10232254776 , -2.90188458803
0.893797207597 , -2.37790893427
0.689340420326 , -1.8535805311
0.488985525776 , -1.32902374094
0.292764259386 , -0.804363191888
0.100706744531 , -0.279723743845
-0.0871585146253 , 0.244769545535
-0.270804639736 , 0.768991454925
-0.450206384349 , 1.29281663351
-0.625340139441 , 1.81611963521
-0.796183938419 , 2.33877495301
-0.962717461579 , 2.86065705327
-1.12492204002 , 3.3816404101
-1.28278065904 , 3.90159953978
-1.43627796093 , 4.42040903517
-1.58540024732 , 4.93794360012
-1.73013548086 , 5.4540780839
-1.8704732865 , 5.96868751559
-2.00640495209 , 6.48164713845
-2.13792342852 , 6.99283244428
-2.26502332928 , 7.50211920768
-2.38770092953 , 8.00938352033
-2.50595416453 , 8.51450182511
-2.61978262763 , 9.01735095026
-2.72918756764 , 9.51780814333
-2.83417188573 , 10.0157511051
-2.93474013174 , 10.5110580235
-3.03089849996 , 11.0036076072
-3.1226548244 , 11.493279119
-3.21001857353 , 11.9799524096
-3.2930008444 , 12.4635079509
-3.3716143564 , 12.9438268687
-3.44587344429 , 13.4207909761
-3.5157940509 , 13.8942828061
-3.58139371914 , 14.3641856442
-3.64269158363 , 14.8303835609
-3.69970836169 , 15.2927614439
-3.75246634395 , 15.7512050299
-3.8009893843 , 16.2056009369
-3.84530288945 , 16.655836695
-3.88543380795 , 17.1018007783
-3.92141061869 , 17.5433826358
-3.95326331894 , 17.980472722
-3.98102341187 , 18.4129625276
-4.00472389358 , 18.8407446099
-4.02439923968 , 19.2637126223
-4.04008539137 , 19.6817613446
-4.05181974103 , 20.0947867116
-4.05964111739 , 20.5026858429
-4.06358977016 , 20.9053570713
-4.06370735427 , 21.302699971
-4.06003691366 , 21.694615386
-4.05262286451 , 22.0810054577
-4.04151097822 , 22.4617736522
-4.02674836373 , 22.8368247874
-4.0083834496 , 23.2060650595
-3.98646596556 , 23.5694020694
-3.96104692364 , 23.9267448485
-3.93217859896 , 24.2780038841
-3.89991451002 , 24.6230911447
-3.86430939865 , 24.9619201045
-3.82541920955 , 25.2944057673
-3.78330106944 , 25.6204646912
-3.73801326583 , 25.9400150111
-3.68961522542 , 26.2529764622
-3.63816749211 , 26.5592704023
-3.5837317047 , 26.8588198338
-3.52637057418 , 27.1515494257
-3.46614786072 , 27.4373855342
-3.40312835029 , 27.7162562236
-3.33737783097 , 27.9880912867
-3.26896306894 , 28.2528222643
-3.19795178414 , 28.5103824644
-3.12441262562 , 28.7607069811
-3.04841514661 , 29.0037327126
-2.97002977929 , 29.2393983792
-2.88932780927 , 29.4676445403
-2.80638134984 , 29.6884136114
-2.72126331584 , 29.9016498798
-2.63404739744 , 30.1072995207
-2.54480803352 , 30.3053106124
-2.45362038487 , 30.4956331503
-2.36056030719 , 30.6782190617
-2.26570432381 , 30.8530222189
-2.16912959824 , 31.019998452
-2.07091390647 , 31.179105562
-1.97113560909 , 31.3303033321
-1.86987362329 , 31.473553539
-1.76720739453 , 31.6088199642
-1.66321686821 , 31.7360684037
-1.55798246106 , 31.8552666775
-1.45158503241 , 31.9663846393
-1.34410585537 , 32.0693941844
-1.2356265878 , 32.164269258
-1.12622924317 , 32.2509858621
-1.0159961614 , 32.3295220629
-0.905009979444 , 32.3998579962
-0.793353601889 , 32.4619758736
-0.68111017144 , 32.5158599874
-0.568363039314 , 32.5614967146
-0.455195735576 , 32.5988745214
-0.341691939425 , 32.6279839659
-0.227935449418 , 32.6488177011
-0.114010153666 , 32.6613704767
-4.00025492435e-15 , 32.6656391408
0.114011033889 , 32.6616226407
0.227938970308 , 32.6493220232
0.341699861433 , 32.6287404343
0.455209819159 , 32.5998831182
0.56838504494 , 32.5627574161
0.681141859592 , 32.517372764
0.793396733065 , 32.4637406897
0.905066314162 , 32.4018748103
1.0160674602 , 32.3317908275
1.12631726662 , 32.2535065239
1.23573309648 , 32.1670417575
1.34423260993 , 32.0724184565
1.45173379349 , 31.9696606127
1.55815498936 , 31.8587942751
1.66341492448 , 31.7398475424
1.76743273954 , 31.6128505551
1.87012801786 , 31.4778354869
1.97142081411 , 31.334836536
2.07123168285 , 31.1838899151
2.16948170696 , 31.0250338413
2.26609252591 , 30.8583085256
2.36098636376 , 30.683756161
2.45408605706 , 30.5014209114
2.54531508256 , 30.3113488984
2.63459758462 , 30.1135881889
2.7218584025 , 29.9081887813
2.80702309741 , 29.6952025916
2.89001797926 , 29.4746834384
2.97077013326 , 29.2466870283
3.04920744623 , 29.01127094
3.12525863262 , 28.7684946079
3.19885326034 , 28.5184193058
3.26992177624 , 28.2611081294
3.33839553136 , 27.9966259786
3.40420680584 , 27.7250395392
3.46728883361 , 27.4464172646
3.52757582666 , 27.1608293558
3.58500299913 , 26.8683477425
3.63950659094 , 26.5690460622
3.6910238912 , 26.26299964
3.7394932612 , 25.9502854675
3.78485415715 , 25.6309821806
3.82704715244 , 25.3051700381
3.86601395967 , 24.9729308988
3.90169745223 , 24.6343481988
3.93404168552 , 24.2895069279
3.96299191781 , 23.9384936058
3.98849463071 , 23.5813962579
4.01049754921 , 23.2183043908
4.02894966138 , 22.8493089667
4.04380123761 , 22.4745023788
4.05500384946 , 22.0939784244
4.06251038806 , 21.7078322796
4.06627508217 , 21.316160472
4.06625351567 , 20.919060854
4.06240264477 , 20.5166325754
4.05468081464 , 20.1089760555
4.04304777567 , 19.6961929556
4.02746469925 , 19.2783861496
4.0078941931 , 18.8556596965
3.98430031615 , 18.4281188102
3.95664859288 , 17.9958698308
3.9249060273 , 17.559020195
3.88904111635 , 17.1176784055
3.84902386286 , 16.6719540015
3.80482578806 , 16.2219575278
3.7564199435 , 15.7678005038
3.70378092257 , 15.3095953929
3.64688487147 , 14.8474555709
3.58570949969 , 14.3814952946
3.52023408999 , 13.9118296698
3.45043950787 , 13.4385746196
3.37630821048 , 12.9618468521
3.29782425512 , 12.4817638278
3.21497330709 , 11.998443727
3.1277426471 , 11.5120054175
3.03612117818 , 11.0225684209
2.94009943195 , 10.53025288
2.83966957448 , 10.0351795253
2.73482541154 , 9.5374696416
2.62556239339 , 9.03724503449
2.51187761891 , 8.53462799653
2.39376983936 , 8.02974127356
2.27123946145 , 7.52270803073
2.14428854998 , 7.01365181849
2.01292082986 , 6.50269653851
1.87714168764 , 5.9899664095
1.73695817247 , 5.47558593297
1.59237899655 , 4.95967985895
1.44341453498 , 4.44237315162
1.29007682512 , 3.92379095498
1.13237956538 , 3.40405855839
0.97033811349 , 2.88330136223
0.803969484173 , 2.36164484341
0.633292346339 , 1.83921452099
0.458327019701 , 1.31613592178
0.279095470851 , 0.792534545943
0.0956213088083 , 0.268535832684
-0.0920702199861 , -0.255734874075
-0.283952237204 , -0.780152359921
-0.479996238703 , -1.30459157412
-0.680172101142 , -1.82892766375
-0.884448089119 , -2.35303600765
-1.09279086285 , -2.87679225041
-1.30516548637 , -3.40007233615
-1.52153543626 , -3.92275254222
-1.74186261094 , -4.44470951281
-1.96610734039 , -4.96582029233
-2.19422839649 , -5.48596235875
-2.42618300382 , -6.00501365675
-2.66192685101 , -6.52285263066
-2.90141410255 , -7.03935825731
-3.14459741114 , -7.55441007862
-3.39142793056 , -8.06788823405
-3.641855329 , -8.57967349282
-3.89582780293 , -9.08964728593
-4.1532920914 , -9.59769173796
-4.41419349087 , -10.1036896986
-4.67847587056 , -10.6075247742
-4.94608168817 , -11.1090813584
-5.2169520062 , -11.6082446633
-5.49102650865 , -12.1049007502
-5.76824351818 , -12.5989365592
-6.04854001383 , -13.09023994
-6.33185164907 , -13.5786996811
-6.61811277039 , -14.0642055392
-6.90725643628 , -14.5466482688
-7.19921443665 , -15.0259196503
-7.49391731272 , -15.5019125189
-7.7912943773 , -15.9745207927
-8.09127373552 , -16.4436395002
-8.39378230591 , -16.909164808
-8.69874584197 , -17.370994048
-9.0060889541 , -17.8290257436
-9.3157351319 , -18.2831596364
-9.6276067669 , -18.7332967121
-9.94162517565 , -19.1793392262
-10.2577106232 , -19.6211907288
-10.5757823468 , -20.0587560896
-10.8957585805 , -20.4919415224
-11.2175565791 , -20.9206546087
-11.5410926434 , -21.3448043214
-11.8662821456 , -21.764301048
-12.1930395542 , -22.1790566129
-12.5212784607 , -22.5889843001
-12.8509116051 , -22.9939988745
-13.1818509029 , -23.3940166033
-13.5140074714 , -23.7889552771
-13.8472916572 , -24.1787342299
-14.1816130636 , -24.5632743594
-14.5168805776 , -24.9424981459
-14.8530023986 , -25.3163296717
-15.189886066 , -25.6846946395
-15.527438488 , -26.0475203899
-15.8655659698 , -26.4047359194
-16.2041742429 , -26.756271897
-16.5431684939 , -27.1020606809
-16.882453394 , -27.4420363339
-17.2219331283 , -27.7761346396
-17.5615114257 , -28.1042931167
-17.9010915886 , -28.4264510333
-18.2405765233 , -28.7425494212
-18.5798687697 , -29.0525310888
-18.9188705322 , -29.3563406339
-19.25748371 , -29.6539244562
-19.5956099275 , -29.9452307685
-19.9331505659 , -30.2302096082
-20.2700067931 , -30.5088128477
-20.6060795957 , -30.7809942044
-20.9412698094 , -31.0467092505
-21.2754781505 , -31.3059154212
-21.6086052474 , -31.5585720237
-21.9405516717 , -31.8046402448
-22.2712179697 , -32.044083158
-22.600504694 , -32.2768657301
-22.9283124349 , -32.5029548275
-23.254541852 , -32.7223192217
-23.5790937061 , -32.934929594
-23.9018688901 , -33.1407585401
-24.2227684613 , -33.3397805739
-24.5416936729 , -33.5319721306
-24.8585460051 , -33.7173115694
-25.1732271972 , -33.8957791757
-25.4856392789 , -34.0673571624
-25.7956846018 , -34.232029671
-26.1032658709 , -34.3897827721
-26.4082861757 , -34.5406044647
-26.710649022 , -34.6844846759
-27.0102583625 , -34.8214152594
-27.3070186284 , -34.9513899935
-27.6008347601 , -35.0744045787
-27.8916122383 , -35.1904566344
-28.1792571147 , -35.2995456958
-28.4636760425 , -35.401673209
-28.744776307 , -35.4968425268
-29.0224658562 , -35.5850589032
-29.2966533305 , -35.6663294874
-29.567248093 , -35.7406633175
-29.8341602595 , -35.8080713135
-30.0973007276 , -35.8685662695
-30.3565812069 , -35.9221628462
-30.6119142475 , -35.9688775615
-30.8632132695 , -36.0087287818
-31.1103925917 , -36.0417367122
-31.35336746 , -36.067923386
-31.5920540759 , -36.0873126542
-31.8263696244 , -36.099930174
-32.0562323022 , -36.105803397
-32.2815613446 , -36.1049615568
-32.5022770534 , -36.0974356559
-32.7183008232 , -36.0832584527
-32.9295551689 , -36.0624644472
-33.1359637512 , -36.0350898668
-33.3374514034 , -36.0011726512
-33.5339441564 , -35.9607524371
-33.725369265 , -35.9138705422
-33.911655232 , -35.8605699489
-34.0927318336 , -35.8008952874
-34.2685301437 , -35.7348928182
-34.4389825576 , -35.6626104145
-34.6040228157 , -35.5840975435
-34.7635860271 , -35.4994052485
-34.9176086921 , -35.4085861287
-35.0660287249 , -35.3116943202
-35.2087854757 , -35.2087854757
-35.3458197522 , -35.0999167443
-35.477073841 , -34.98514675
-35.6024915286 , -34.8645355709
-35.7220181213 , -34.738144717
-35.8356004661 , -34.6060371086
-35.9431869693 , -34.4682770531
-36.0447276163 , -34.3249302223
-36.1401739898 , -34.1760636295
-36.2294792884 , -34.021745605
-36.312598344 , -33.8620457727
-36.3894876394 , -33.6970350251
-36.4601053248 , -33.5267854992
-36.5244112342 , -33.3513705506
-36.5823669013 , -33.1708647286
-36.6339355749 , -32.9853437502
-36.6790822337 , -32.794884474
-36.7177736004 , -32.5995648736
-36.7499781559 , -32.3994640112
-36.7756661523 , -32.1946620103
-36.7948096262 , -31.9852400286
-36.8073824104 , -31.7712802301
-36.8133601461 , -31.5528657577
-36.8127202938 , -31.3300807045
-36.8054421444 , -31.1030100859
-36.7915068292 , -30.8717398108
-36.7708973294 , -30.6363566528
-36.7435984854 , -30.396948221
-36.7095970052 , -30.1536029308
-36.6688814726 , -29.9064099745
-36.6214423545 , -29.6554592912
-36.5672720078 , -29.4008415377
-36.5063646858 , -29.1426480576
-36.4387165439 , -28.8809708514
-36.3643256451 , -28.6159025463
-36.2831919642 , -28.3475363654
-36.1953173924 , -28.0759660972
-36.1007057403 , -27.8012860645
-35.9993627415 , -27.5235910939
-35.8912960543 , -27.2429764842
-35.776515264 , -26.9595379757
-35.6550318841 , -26.673371719
-35.5268593569 , -26.3845742433
-35.3920130533 , -26.093242425
-35.2505102731 , -25.7994734567
-35.1023702431 , -25.5033648154
-34.9476141161 , -25.2050142308
-34.7862649684 , -24.9045196539
-34.6183477971 , -24.6019792253
-34.4438895168 , -24.2974912436
-34.2629189557 , -23.9911541339
-34.0754668512 , -23.6830664157
-33.8815658444 , -23.373326672
-33.6812504752 , -23.062033517
-33.4745571754 , -22.7492855648
-33.2615242625 , -22.4351813982
-33.0421919319 , -22.1198195368
-32.8166022494 , -21.8032984058
-32.5847991425 , -21.4857163045
-32.3468283914 , -21.1671713753
-32.1027376196 , -20.8477615726
-31.8525762835 , -20.5275846312
-31.596395662 , -20.2067380361
-31.3342488451 , -19.8853189912
-31.0661907221 , -19.5634243886
-30.7922779692 , -19.2411507784
-30.5125690371 , -18.9185943382
-30.2271241368 , -18.5958508423
-29.9360052264 , -18.2730156326
-29.6392759963 , -17.9501835878
-29.337001854 , -17.6274490944
-29.029249909 , -17.3049060166
-28.7160889565 , -16.9826476675
-28.397589461 , -16.6607667796
-28.0738235389 , -16.3393554762
-27.7448649414 , -16.0185052425
-27.4107890361 , -15.6983068976
-27.0716727885 , -15.3788505659
-26.7275947431 , -15.0602256496
-26.3786350036 , -14.7425208005
-26.0248752131 , -14.4258238935
-25.6663985334 , -14.1102219988
-25.3032896244 , -13.7958013553
-24.9356346222 , -13.4826473443
-24.5635211176 , -13.1708444632
-24.1870381336 , -12.8604762996
-23.8062761026 , -12.5516255059
-23.4213268433 , -12.2443737738
-23.032283537 , -11.9388018098
-22.6392407035 , -11.6349893104
-22.2422941768 , -11.3330149382
-21.8415410797 , -11.0329562977
-21.4370797994 , -10.7348899121
-21.0290099608 , -10.4388912004
-20.6174324013 , -10.1450344542
-20.2024491434 , -9.8533928161
-19.7841633691 , -9.5640382571
-19.3626793913 , -9.27704155554
-18.9381026274 , -8.99247227587
-18.5105395708 , -8.71039874798
-18.0800977627 , -8.43088804694
-17.6468857637 , -8.15400597316
-17.2110131246 , -7.87981703302
-16.7725903575 , -7.6083844199
-16.3317289062 , -7.33976999565
-15.888541116 , -7.07403427253
-15.4431402039 , -6.81123639563
-14.9956402283 , -6.55143412568
-14.5461560578 , -6.29468382239
-14.094803341 , -6.04104042823
-13.6416984744 , -5.79055745271
-13.1869585717 , -5.54328695708
-12.7307014315 , -5.29927953962
-12.2730455061 , -5.05858432131
-11.8141098684 , -4.82124893204
-11.3540141803 , -4.58731949736
-10.89287866 , -4.35684062562
-10.4308240488 , -4.12985539576
-9.96797157872 , -3.90640534547
-9.50444293908 , -3.68653045995
-9.04036024328 , -3.47026916116
-8.57584599539 , -3.25765829758
-8.11102305656 , -3.0487331345
-7.64601461134 , -2.84352734482
-7.1809441338 , -2.64207300042
-6.71593535363 , -2.44440056398
-6.25111222203 , -2.25053888142
-5.78659887763 , -2.06051517481
-5.32251961219 , -1.87435503586
-4.85899883635 , -1.69208241987
-4.39616104521 , -1.51371964034
-3.93413078393 , -1.339287364
-3.47303261324 , -1.16880460647
-3.01299107494 , -1.00228872842
-2.55413065737 , -0.839755432235
-2.09657576084 , -0.681218759343
-1.64045066312 , -0.526691087957
-1.18587948484 , -0.376183131444
-0.732986154991 , -0.229703937206
-0.281894376425 , -0.0872608861209
0.16727240864 , 0.0511403074829
0.614391053032 , 0.185495595297
1.05933873899 , 0.315802593965
1.50199301248 , 0.442060583465
1.9422318174 , 0.564270504954
2.37993352975 , 0.682434958069
2.81497699165 , 0.796558197678
3.24724154528 , 0.906646130108
3.67660706674 , 1.01270630881
4.10295399968 , 1.11474792953
4.52616338894 , 1.21278182488
4.94611691388 , 1.30682045842
5.36269692172 , 1.39687791822
5.77578646058 , 1.48296990988
6.18526931241 , 1.56511374896
6.59103002576 , 1.643328353
6.99295394826 , 1.71763423295
7.39092725901 , 1.78805348408
7.78483700068 , 1.85460977638
8.1745711114 , 1.91732834448
8.56001845646 , 1.97623597704
8.94106885971 , 2.03136100561
9.31761313475 , 2.08273329301
9.68954311584 , 2.13038422123
10.0567516885 , 2.17434667884
10.4191328201 , 2.21465504783
10.7765815896 , 2.25134519008
11.1289942175 , 2.28445443329
11.4762680954 , 2.31402155642
11.8183018151 , 2.34008677468
12.1549951976 , 2.36269172407
12.4862493211 , 2.38187944544
12.8119665498 , 2.39769436809
13.1320505616 , 2.41018229291
13.4464063751 , 2.41939037512
13.7549403772 , 2.42536710654
14.05756035 , 2.42816229741
14.3541754964 , 2.4278270578
14.6446964669 , 2.42441377861
14.9290353846 , 2.41797611215
15.2071058708 , 2.4085689523
15.4788230694 , 2.39624841426
15.7441036715 , 2.38107181391
16.0028659393 , 2.36309764682
16.2550297295 , 2.34238556683
16.5005165163 , 2.31899636422
16.7392494144 , 2.29299194366
16.9711532006 , 2.26443530158
17.196154336 , 2.23339050339
17.4141809869 , 2.19992266022
17.6251630458 , 2.16409790542
17.8290321514 , 2.12598337057
18.0257217088 , 2.0856471614
18.2151669086 , 2.04315833317
18.3973047457 , 1.99858686585
18.5720740377 , 1.95200363903
18.7394154426 , 1.90348040644
18.8992714762 , 1.85308977026
19.0515865291 , 1.80090515512
19.1963068826 , 1.74700078188
19.3333807247 , 1.69145164104
19.4627581651 , 1.63433346605
19.5843912501 , 1.57572270625
19.6982339767 , 1.51569649964
19.8042423061 , 1.45433264542
19.9023741768 , 1.39170957629
19.9925895172 , 1.32790633057
20.0748502574 , 1.26300252411
20.1491203406 , 1.19707832198
20.215365734 , 1.13021441005
20.2735544391 , 1.06249196633
20.3236565013 , 0.993992632178
20.3656440189 , 0.924798483369
20.399491152 , 0.854992000981
20.4251741301 , 0.784656042178
20.4426712599 , 0.713873810861
20.4519629315 , 0.642728828195
20.4530316254 , 0.571304903035
20.4458619174 , 0.499686102259
20.4304404843 , 0.427956721005
20.4067561079 , 0.356201252837
20.374799679 , 0.284504359837
20.334564201 , 0.21295084264
20.286044792 , 0.141625610426
20.2292386877 , 0.0706136508566
20.164145242 , 3.70397105741e-15
20.0907659287 , -0.0701302877798
20.0091043415 , -0.139692169937
19.9191661936 , -0.20860064586
19.820959317 , -0.276770786986
19.7144936613 , -0.344117766886
19.5997812912 , -0.410556891333
19.476836384 , -0.476003628331
19.3456752265 , -0.540373638093
19.2063162112 , -0.603582802967
19.0587798317 , -0.665547257298
18.9030886778 , -0.726183417209
18.73926743 , -0.785408010304
18.5673428531 , -0.843138105272
18.3873437897 , -0.899291141392
18.1993011527 , -0.953784957917
18.0032479176 , -1.00653782335
17.7992191135 , -1.05746846457
17.5872518149 , -1.10649609584
17.367385131 , -1.15354044763
17.1396601965 , -1.19852179534
16.90412016 , -1.24136098775
16.6608101733 , -1.28197947546
16.4097773791 , -1.32029933893
16.1510708987 , -1.35624331652
15.8847418191 , -1.38973483221
15.6108431791 , -1.42069802314
15.3294299557 , -1.44905776692
15.0405590489 , -1.47473970875
14.7442892671 , -1.49767028821
14.4406813109 , -1.5177767659
14.1297977573 , -1.53498724977
13.8117030426 , -1.5492307212
13.4864634451 , -1.56043706077
13.1541470678 , -1.56853707384
12.8148238195 , -1.57346251573
12.4685653965 , -1.57514611666
12.1154452629 , -1.57352160639
11.7555386312 , -1.56852373854
11.3889224417 , -1.56008831456
11.015675342 , -1.54815220738
10.6358776656 , -1.53265338477
10.2496114104 , -1.51353093231
9.85696021634 , -1.49072507598
9.45800934306 , -1.46417720448
9.05284564662 , -1.43382989108
8.64155755615 , -1.39962691522
8.22423504989 , -1.36151328357
7.80096963084 , -1.31943525085
7.37185430201 , -1.27334034018
6.93698354123 , -1.22317736305
6.49645327559 , -1.16889643887
6.05036085543 , -1.11044901412
5.59880502802 , -1.04778788108
5.14188591075 , -0.98086719612
4.67970496406 , -0.909642497587
4.21236496392 , -0.834070723221
3.73996997401 , -0.754110227147
3.26262531747 , -0.66972079642
2.78043754843 , -0.580863667106
2.2935144231 , -0.487501539914
1.80196487056 , -0.389598595354
1.30589896329 , -0.287120508434
0.805427887313 , -0.180034462878
0.300663912098 , -0.0683091648675
-0.208279639862 , 0.0480851437032
-0.721288423732 , 0.169176672454
-1.2382471033 , 0.294992070245
-1.75903938219 , 0.425556413389
-2.28354803538 , 0.560893194375
-2.81165494086 , 0.701024311089
-3.34324111165 , 0.845970056538
-3.87818672795 , 0.995749109096
-4.41637116957 , 1.15037852325
-4.9576730485 , 1.30987372089
-5.50197024176 , 1.47424848306
-6.04913992434 , 1.64351494232
-6.59905860244 , 1.81768357554
-7.15160214675 , 1.99676319732
-7.70664582599 , 2.18076095382
-8.26406434053 , 2.36968231726
-8.82373185622 , 2.56353108083
-9.38552203825 , 2.76230935422
-9.94930808524 , 2.96601755966
-10.5149627634 , 3.17465442847
-11.0823584406 , 3.38821699821
-11.6513671211 , 3.60670061034
-12.2218604794 , 3.83009890841
-12.7937098954 , 4.0584038368
-13.3667864884 , 4.29160564004
-13.9409611518 , 4.52969286262
-14.5161045879 , 4.77265234941
-15.0920873427 , 5.02046924653
-15.66877984 , 5.27312700289
-16.2460524167 , 5.53060737214
-16.8237753573 , 5.7928904153
-17.4018189284 , 6.05995450382
-17.9800534134 , 6.33177632325
-18.5583491476 , 6.60833087741
-19.1365765522 , 6.88959149319
-19.7146061688 , 7.17552982574
-20.2923086947 , 7.46611586434
-20.8695550163 , 7.76131793875
-21.4462162439 , 8.06110272607
-22.0221637462 , 8.36543525818
-22.5972691838 , 8.67427892969
-23.1714045438 , 8.98759550643
-23.7444421732 , 9.30534513446
-24.3162548131 , 9.62748634958
-24.8867156322 , 9.95397608744
-25.4556982601 , 10.284769694
-26.0230768209 , 10.6198209369
-26.588725966 , 10.9590820167
-27.1525209074 , 11.3025035791
-27.7143374505 , 11.6500347278
-28.2740520264 , 12.0016230374
-28.8315417244 , 12.3572145671
-29.3866843244 , 12.7167538747
-29.9393583283 , 13.0801840313
-30.4894429925 , 13.4474466366
-31.0368183584 , 13.8184818339
-31.5813652845 , 14.1932283268
-32.1229654767 , 14.5716233953
-32.6615015195 , 14.9536029131
-33.1968569058 , 15.3391013647
-33.7289160675 , 15.7280518636
-34.2575644052 , 16.1203861704
-34.7826883174 , 16.516034712
-35.3041752302 , 16.9149266006
-35.8219136257 , 17.3169896532
-36.3357930708 , 17.722150412
-36.8457042454 , 18.130334165
-37.3515389701 , 18.5414649668
-37.8531902338 , 18.9554656597
-38.3505522209 , 19.3722578961
-38.8435203379 , 19.7917621601
-39.3319912399 , 20.2138977904
-39.8158628566 , 20.6385830031
-40.2950344178 , 21.065734915
-40.769406479 , 21.4952695673
-41.2388809455 , 21.9271019499
-41.7033610975 , 22.3611460253
-42.1627516137 , 22.7973147539
-42.6169585949 , 23.2355201189
-43.0658895872 , 23.6756731514
-43.5094536046 , 24.1176839568
-43.9475611513 , 24.5614617404
-44.3801242431 , 25.0069148339
-44.8070564294 , 25.4539507223
-45.2282728135 , 25.9024760704
-45.6436900732 , 26.3523967506
-46.0532264807 , 26.8036178703
-46.4568019218 , 27.2560437994
-46.8543379153 , 27.709578199
-47.2457576309 , 28.164124049
-47.6309859075 , 28.6195836773
-48.0099492708 , 29.0758587882
-48.3825759495 , 29.5328504916
-48.7487958927 , 29.9904593325
-49.1085407851 , 30.4485853198
-49.4617440626 , 30.9071279567
-49.8083409274 , 31.3659862702
-50.148268362 , 31.825058841
-50.4814651432 , 32.284243834
-50.8078718552 , 32.7434390285
-51.1274309028 , 33.202541849
-51.4400865229 , 33.6614493952
-51.7457847966 , 34.1200584736
-52.0444736604 , 34.578265628
-52.3361029164 , 35.0359671706
-52.6206242426 , 35.4930592132
-52.897991202 , 35.9494376984
-53.1681592518 , 36.4049984309
-53.4310857518 , 36.8596371092
-53.6867299716 , 37.3132493566
-53.9350530985 , 37.7657307533
-54.1760182437 , 38.2169768675
-54.4095904484 , 38.6668832873
-54.6357366895 , 39.1153456522
-54.8544258843 , 39.5622596851
-55.0656288951 , 40.0075212236
-55.2693185326 , 40.451026252
-55.4654695596 , 40.8926709326
-55.6540586932 , 41.3323516379
-55.8350646072 , 41.7699649818
-56.0084679335 , 42.2054078514
-56.174251263 , 42.6385774384
-56.3323991456 , 43.0693712707
-56.4828980909 , 43.497687244
-56.6257365664 , 43.9234236527
-56.7609049968 , 44.3464792215
-56.8883957617 , 44.7667531366
-57.0082031934 , 45.1841450764
-57.1203235737 , 45.5985552429
-57.22475513 , 46.0098843921
-57.3214980318 , 46.418033865
-57.4105543852 , 46.8229056179
-57.491928228 , 47.2244022529
-57.5656255238 , 47.6224270482
-57.6316541553 , 48.0168839878
-57.6900239178 , 48.407677792
-57.7407465112 , 48.7947139463
-57.7838355323 , 49.1778987315
-57.8193064658 , 49.5571392526
-57.8471766754 , 49.932343468
-57.8674653943 , 50.3034202183
-57.8801937142 , 50.6702792547
-57.8853845754 , 51.0328312678
-57.8830627551 , 51.390987915
-57.8732548555 , 51.7446618491
-57.8559892917 , 52.0937667451
-57.8312962787 , 52.4382173279
-57.799207818 , 52.7779293993
-57.759757684 , 53.1128198645
-57.7129814092 , 53.4428067584
-57.6589162697 , 53.7678092719
-57.5976012699 , 54.0877477776
-57.5290771261 , 54.402543855
-57.4533862508 , 54.7121203159
-57.3705727356 , 55.0164012287
-57.280682334 , 55.3153119432
-57.1837624436 , 55.6087791144
-57.079862088 , 55.896730726
-56.9690318982 , 56.1790961141
-56.8513240933 , 56.4558059897
-56.7267924611 , 56.7267924611
-56.5954923382 , 56.9919890565
-56.4574805895 , 57.2513307452
-56.3128155875 , 57.5047539592
-56.161557191 , 57.7521966139
-56.0037667233 , 57.9935981284
-55.8395069505 , 58.2288994459
-55.6688420589 , 58.458043053
-55.4918376323 , 58.6809729987
-55.3085606284 , 58.8976349133
-55.1190793559 , 59.1079760267
-54.9234634501 , 59.3119451858
-54.7217838488 , 59.5094928721
-54.5141127675 , 59.7005712183
-54.3005236747 , 59.885134025
-54.0810912664 , 60.0631367761
-53.8558914406 , 60.2345366542
-53.6250012712 , 60.3992925561
-53.3884989821 , 60.5573651062
-53.1464639202 , 60.7087166712
-52.8989765288 , 60.8533113731
-52.6461183206 , 60.9911151019
-52.38797185 , 61.1220955284
-52.1246206858 , 61.2462221156
-51.8561493829 , 61.3634661299
-51.5826434547 , 61.4738006526
-51.3041893439 , 61.5772005891
-51.0208743947 , 61.6736426795
-50.7327868234 , 61.7631055072
-50.4400156896 , 61.8455695077
-50.1426508668 , 61.9210169765
-49.840783013 , 61.9894320772
-49.534503541 , 62.0508008478
-49.2239045889 , 62.1051112073
-48.9090789895 , 62.1523529618
-48.590120241 , 62.1925178097
-48.2671224757 , 62.2255993463
-47.9401804307 , 62.2515930684
-47.6093894164 , 62.2704963772
-47.2748452863 , 62.2823085824
-46.9366444063 , 62.2870309036
-46.5948836236 , 62.2846664732
-46.2496602358 , 62.2752203371
-45.9010719598 , 62.2586994558
-45.5492169011 , 62.2351127048
-45.1941935219 , 62.2044708739
-44.8361006106 , 62.1667866665
-44.4750372501 , 62.1220746982
-44.1111027865 , 62.0703514946
-43.7443967982 , 62.0116354889
-43.375019064 , 61.9459470186
-43.0030695323 , 61.8733083218
-42.6286482894 , 61.7937435328
-42.2518555285 , 61.7072786774
-41.8727915181 , 61.6139416675
-41.4915565709 , 61.5137622949
-41.1082510128 , 61.4067722248
-40.7229751516 , 61.2930049891
-40.3358292457 , 61.1724959778
-39.9469134735 , 61.045282432
-39.5563279024 , 60.911403434
-39.1641724576 , 60.7708998987
-38.770546892 , 60.6238145634
-38.3755507551 , 60.4701919775
-37.9792833628 , 60.3100784914
-37.5818437669 , 60.1435222453
-37.183330725 , 59.9705731566
-36.7838426704 , 59.791282908
-36.383477682 , 59.6057049338
-35.9823334551 , 59.4138944067
-35.5805072714 , 59.2159082234
-35.1780959696 , 59.0118049899
-34.7751959165 , 58.8016450067
-34.3719029782 , 58.5854902524
-33.9683124906 , 58.3634043683
-33.5645192317 , 58.1354526409
-33.1606173929 , 57.9017019854
-32.7567005509 , 57.6622209275
-32.3528616401 , 57.4170795855
-31.949192925 , 57.1663496515
-31.5457859727 , 56.9101043724
-31.1427316262 , 56.64841853
-30.7401199775 , 56.3813684213
-30.338040341 , 56.1090318378
-29.9365812278 , 55.8314880443
-29.5358303195 , 55.5488177578
-29.1358744426 , 55.2611031255
-28.7367995437 , 54.9684277023
-28.3386906643 , 54.6708764285
-27.9416319162 , 54.3685356061
-27.5457064578 , 54.0614928757
-27.1509964696 , 53.7498371921
-26.7575831312 , 53.4336588003
-26.3655465977 , 53.1130492104
-25.9749659777 , 52.7881011726
-25.58591931 , 52.4589086517
-25.1984835425 , 52.125566801
-24.8127345099 , 51.788171936
-24.4287469128 , 51.4468215081
-24.0465942971 , 51.1016140773
-23.6663490332 , 50.7526492849
-23.2880822964 , 50.4000278258
-22.911864047 , 50.0438514207
-22.5377630117 , 49.6842227875
-22.1658466644 , 49.3212456131
-21.7961812081 , 48.9550245241
-21.4288315574 , 48.5856650576
-21.0638613207 , 48.213273632
-20.7013327837 , 47.8379575169
-20.3413068929 , 47.4598248033
-19.9838432392 , 47.0789843732
-19.629000043 , 46.6955458691
-19.276834139 , 46.3096196632
-18.9274009614 , 45.9213168263
-18.5807545302 , 45.5307490966
-18.2369474373 , 45.1380288485
-17.8960308337 , 44.7432690606
-17.5580544166 , 44.346583284
-17.2230664178 , 43.9480856103
-16.8911135915 , 43.5478906393
-16.5622412039 , 43.146113447
-16.2364930218 , 42.7428695524
-15.9139113032 , 42.3382748854
-15.5945367878 , 41.9324457539
-15.2784086872 , 41.5254988105
-14.9655646772 , 41.1175510199
-14.6560408894 , 40.7087196256
-14.3498719038 , 40.2991221165
-14.047090742 , 39.8888761937
-13.7477288603 , 39.4780997371
-13.4518161446 , 39.0669107717
-13.1593809042 , 38.6554274344
-12.8704498676 , 38.2437679401
-12.5850481777 , 37.832050548
-12.3031993885 , 37.4203935285
-12.0249254616 , 37.0089151288
-11.7502467634 , 36.5977335397
-11.4791820632 , 36.1869668615
-11.2117485314 , 35.776733071
-10.9479617386 , 35.367149987
-10.6878356547 , 34.9583352372
-10.4313826492 , 34.5504062247
-10.1786134914 , 34.143480094
-9.92953735187 , 33.737673698
-9.68416180361 , 33.3331035642
-9.4424928244 , 32.9298858617
-9.20453479936 , 32.5281363679
-8.97029052415 , 32.1279704352
-8.73976120863 , 31.7295029581
-8.51294648116 , 31.3328483405
-8.28984439327 , 30.9381204625
-8.07045142501 , 30.5454326482
-7.85476249068 , 30.1548976328
-7.64277094523 , 29.7666275308
-7.43446859101 , 29.3807338033
-7.22984568519 , 28.9973272265
-7.02889094757 , 28.6165178597
-6.83159156899 , 28.2384150135
-6.63793322019 , 27.8631272189
-6.44790006117 , 27.4907621957
-6.2614747511 , 27.1214268218
-6.07863845869 , 26.7552271026
-5.89937087303 , 26.3922681401
-5.72365021497 , 26.032654103
-5.55145324896 , 25.676488197
-5.38275529536 , 25.3238726345
-5.21753024324 , 24.9749086057
-5.05575056364 , 24.6296962494
-4.89738732331 , 24.2883346239
-4.74241019893 , 23.9509216789
-4.59078749173 , 23.617554227
-4.44248614261 , 23.2883279161
-4.2974717477 , 22.9633372015
-4.15570857437 , 22.6426753189
-4.01715957763 , 22.3264342578
-3.88178641703 , 22.0147047345
-3.74954947392 , 21.7075761662
-3.62040786921 , 21.4051366453
-3.49431948143 , 21.1074729139
-3.37124096532 , 20.8146703387
-3.25112777073 , 20.5268128869
-3.13393416197 , 20.2439831011
-3.0196132375 , 19.9662620763
-2.90811695007 , 19.6937294362
-2.79939612717 , 19.4264633099
-2.69340049189 , 19.1645403102
-2.59007868411 , 18.9080355106
-2.48937828207 , 18.6570224241
-2.39124582431 , 18.4115729819
-2.29562683185 , 18.1717575127
-2.20246583084 , 17.9376447222
-2.11170637546 , 17.7093016735
-2.02329107108 , 17.4867937675
-1.93716159792 , 17.2701847244
-1.85325873475 , 17.0595365648
-1.77152238315 , 16.8549095921
-1.69189159184 , 16.656362375
-1.61430458144 , 16.4639517306
-1.5386987694 , 16.2777327079
-1.46501079527 , 16.0977585723
-1.39317654615 , 15.9240807895
-1.32313118248 , 15.7567490112
-1.25480916393 , 15.5958110606
-1.18814427568 , 15.4413129185
-1.1230696548 , 15.2932987101
-1.05951781687 , 15.1518106921
-0.997420682862 , 15.0168892408
-0.936709606125 , 14.8885728402
-0.877315399619 , 14.7668980709
-0.819168363304 , 14.6518995995
-0.762198311696 , 14.5436101686
-0.706334601586 , 14.4420605876
-0.651506159906 , 14.3472797235
-0.597641511731 , 14.2592944924
-0.544668808425 , 14.1781298522
-0.492515855892 , 14.1038087952
-0.441110142951 , 14.0363523411
-0.390378869815 , 13.9757795317
-0.340248976654 , 13.9221074246
-0.290647172256 , 13.8753510887
-0.24149996275 , 13.8355235998
-0.192733680409 , 13.8026360369
-0.144274512495 , 13.7766974787
-0.0960485301655 , 13.7577150015
-0.0479817174064 , 13.7456936766
-3.36537416964e-15 , 13.7406365692
